# MULTI_EVENT_IMU
Topic: "/recording/imu"
CamHeight: 260
CamWidth: 346
Fx: 576.08075466305945
Fy: 577.37198041363001
Cx: 167.93652117930441
Cy: 122.34006513760616
P_Fx: 168.6294097900391
P_Fy: 178.5641784667969
P_Cx: 135.348079770296
P_Cy: 113.6189973794753
K1: -0.34016772537735857
K2: 0.53138513422990152
P1: -0.0013668764095780758
P2: 0.00045871698246372199
K3: -2.6206854409131530